acquire 1474
    0377 1474 1478 2210 2373
    2408 2467 2524 2568 2583
    2616 2629 2826 2843 3116
    3472 3492 3957 4015 4120
    4180 4329 4360 4708 4741
    4761 4790 4808 4818 5279
    5304 5318 6113 6134 6155
    7310 7466 7508 7556
allocproc 2205
    2205 2257 2310
allocuvm 1853
    0422 1853 1867 2287 5993
    6003
alltraps 3004
    2959 2967 2980 2985 3003
    3004
ALT 7060
    7060 7088 7090
argfd 5469
    5469 5506 5521 5533 5544
    5556
argint 3295
    0395 3295 3308 3324 3432
    3456 3470 5474 5521 5533
    5758 5826 5827 5876
argptr 3304
    0396 3304 5521 5533 5556
    5907
argstr 3321
    0397 3321 5568 5658 5758
    5807 5825 5856 5876
__attribute__ 1310
    0270 0365 1209 1310
BACK 7911
    7911 8024 8170 8439
backcmd 7946 8164
    7946 7959 8025 8164 8166
    8292 8405 8440
BACKSPACE 7400
    7400 7417 7444 7476 7482
balloc 4504
    4504 4526 4867 4875 4879
BBLOCK 3745
    3745 4513 4538
B_BUSY 3559
    3559 4008 4126 4127 4138
    4141 4166 4177 4189
B_DIRTY 3561
    3561 3937 3966 3971 4010
    4028 4138 4168 4395
begin_trans 4327
    0333 4327 5333 5424 5573
    5663 5761 5806 5824
bfree 4531
    4531 4914 4924 4927
bget 4116
    4116 4146 4156
binit 4088
    0261 1231 4088
bmap 4860
    4860 4886 4969 5019
bootmain 8567
    8518 8567
BPB 3742
    3742 3745 4512 4514 4539
bread 4152
    0262 4152 4276 4277 4289
    4306 4389 4481 4492 4513
    4538 4663 4684 4768 4876
    4920 4969 5019
brelse 4175
    0263 4175 4178 4280 4281
    4296 4314 4392 4483 4495
    4519 4524 4545 4669 4672
    4693 4776 4882 4926 4972
    5023
BSIZE 3711
    3711 3722 3736 3742 4257
    4278 4390 4493 4969 4970
    4971 5015 5019 5020 5021
buf 3550
    0250 0262 0263 0264 0306
    0332 2020 2023 2032 2034
    3550 3554 3555 3556 3861
    3876 3879 3925 3954 4004
    4006 4009 4076 4080 4084
    4090 4103 4115 4118 4151
    4154 4164 4175 4205 4276
    4277 4289 4290 4296 4306
    4307 4313 4314 4375 4389
    4468 4479 4490 4507 4533
    4656 4681 4755 4863 4909
    4955 5005 7279 7290 7294
    7297 7453 7474 7488 7518
    7551 7558 8034 8037 8038
    8039 8053 8065 8066 8069
    8070 8071 8075
B_VALID 3560
    3560 3970 4010 4028 4157
bwrite 4164
    0264 4164 4167 4279 4313
    4391
bzero 4488
    4488 4520
C 7081 7459
    7081 7129 7154 7155 7156
    7157 7158 7160 7459 7469
    7472 7479 7490 7519
CAPSLOCK 7062
    7062 7095 7236
cgaputc 7405
    7405 7448
clearpteu 1929
    0431 1929 1935 6005
cli 0557
    0557 0559 1126 1560 7360
    7439 8462
cmd 7915
    7915 7927 7936 7937 7942
    7943 7948 7952 7956 7965
    7968 7973 7981 7987 7991
    8001 8025 8027 8102 8105
    8107 8108 8109 8110 8113
    8114 8116 8118 8119 8120
    8121 8122 8123 8124 8125
    8126 8129 8130 8132 8134
    8135 8136 8137 8138 8139
    8150 8151 8153 8155 8156
    8157 8158 8159 8160 8163
    8164 8166 8168 8169 8170
    8171 8172 8262 8263 8264
    8265 8267 8271 8274 8280
    8281 8284 8287 8289 8292
    8296 8298 8300 8303 8305
    8308 8310 8313 8314 8325
    8328 8331 8335 8350 8353
    8358 8362 8363 8366 8371
    8372 8378 8387 8388 8394
    8395 8401 8402 8411 8414
    8416 8422 8423 8428 8434
    8440 8441 8444
COM1 7663
    7663 7673 7676 7677 7678
    7679 7680 7681 7684 7690
    7691 7707 7709 7717 7719
commit_trans 4351
    0334 4351 5335 5429 5578
    5596 5605 5695 5702 5763
    5808 5812 5829 5833
CONSOLE 3837
    3837 7571 7572
consoleinit 7566
    0267 1227 7566
consoleintr 7462
    0269 7248 7462 7725
consoleread 7501
    7501 7572
consolewrite 7551
    7551 7571
consputc 7436
    7266 7297 7318 7336 7339
    7343 7344 7436 7476 7482
    7489 7558
context 2093
    0251 0374 2056 2093 2111
    2238 2239 2240 2241 2478
    2516 2678
copyout 2018
    0430 2018 6013 6024
copyuvm 1953
    0427 1953 1964 1966 2314
cprintf 7302
    0268 1224 1264 1867 2676
    2680 2682 3140 3153 3158
    3386 3503 6569 6589 6761
    6912 7302 7362 7363 7364
    7367
cpu 2054
    0309 1224 1264 1266 1278
    1406 1466 1487 1508 1546
    1561 1562 1570 1572 1618
    1631 1637 1776 1777 1778
    1779 2054 2064 2068 2079
    2478 2509 2515 2516 2517
    3115 3140 3141 3153 3154
    3158 3160 6463 6464 6761
    7362
cpunum 6751
    0323 1288 1624 6751 6923
    6932
CR0_PE 0727
    0727 1135 1171 8493
CR0_PG 0737
    0737 1050 1171
CR0_WP 0733
    0733 1050 1171
CR4_PSE 0739
    0739 1043 1164
create 5707
    5707 5727 5740 5744 5762
    5807 5828
CRTPORT 7401
    7401 7410 7411 7412 7413
    7428 7429 7430 7431
CTL 7059
    7059 7085 7089 7235
deallocuvm 1882
    0423 1868 1882 1916 2290
DEVSPACE 0204
    0204 1732 1745
devsw 3830
    3830 3835 4958 4960 5008
    5010 5261 7571 7572
dinode 3726
    3726 3736 4657 4664 4682
    4685 4756 4769
dirent 3750
    3750 5064 5105 5614 5654
dirlink 5102
    0286 5071 5102 5117 5125
    5589 5739 5743 5744
dirlookup 5061
    0287 5061 5067 5109 5224
    5671 5717
DIRSIZ 3748
    3748 3752 5055 5122 5178
    5179 5241 5565 5655 5711
DPL_USER 0779
    0779 1627 1628 2264 2265
    3073 3168 3177
E0ESC 7066
    7066 7220 7224 7225 7227
    7230
elfhdr 0955
    0955 5965 8569 8574
ELF_MAGIC 0952
    0952 5978 8580
ELF_PROG_LOAD 0986
    0986 5989
entry 1040
    0961 1036 1039 1040 2952
    2953 6037 6371 8571 8595
    8596
EOI 6664
    6664 6734 6775
ERROR 6685
    6685 6727
ESR 6667
    6667 6730 6731
exec 5960
    0273 5892 5960 7818 7879
    7880 7976 7977
EXEC 7907
    7907 7972 8109 8415
execcmd 7919 8103
    7919 7960 7973 8103 8105
    8371 8377 8378 8406 8416
exit 2354
    0359 2354 2390 3105 3109
    3169 3178 3417 7766 7769
    7811 7876 7881 7966 7975
    7985 8030 8078 8085
EXTMEM 0202
    0202 0208 1729
fdalloc 5488
    5488 5508 5776 5912
fetchint 3267
    0398 3267 3297 5883
fetchstr 3279
    0399 3279 3326 5889
file 3800
    0252 0276 0277 0278 0280
    0281 0282 0351 2114 3800
    4470 5258 5264 5274 5277
    5280 5301 5302 5314 5316
    5352 5365 5402 5463 5469
    5472 5488 5503 5517 5529
    5542 5553 5755 5904 6056
    6071 7260 7658 7928 7983
    7984 8114 8122 8322
filealloc 5275
    0276 5275 5776 6077
fileclose 5314
    0277 2365 5314 5320 5547
    5778 5915 5916 6104 6106
filedup 5302
    0278 2329 5302 5306 5510
fileinit 5268
    0279 1232 5268
fileread 5365
    0280 5365 5380 5523
filestat 5352
    0281 5352 5558
filewrite 5402
    0282 5402 5434 5439 5535
FL_IF 0710
    0710 1562 1568 2268 2513
    6758
fork 2304
    0360 2304 3411 7810 7873
    7875 8093 8095
fork1 8089
    7950 7992 8004 8011 8026
    8074 8089
forkret 2533
    2167 2241 2533
freerange 2801
    2761 2784 2790 2801
freevm 1910
    0424 1910 1915 1977 2421
    6040 6045
gatedesc 0901
    0523 0526 0901 3061
getcallerpcs 1526
    0378 1488 1526 2678 7365
getcmd 8034
    8034 8065
gettoken 8206
    8206 8291 8295 8307 8320
    8321 8357 8361 8383
growproc 2281
    0361 2281 3459
havedisk1 3878
    3878 3914 4012
holding 1544
    0379 1477 1504 1544 2507
ialloc 4653
    0288 4653 4674 5726 5727
IBLOCK 3739
    3739 4663 4684 4768
I_BUSY 3825
    3825 4762 4764 4787 4791
    4811 4813
ICRHI 6678
    6678 6737 6806 6818
ICRLO 6668
    6668 6738 6739 6807 6809
    6819
ID 6661
    6661 6697 6766
IDE_BSY 3863
    3863 3887
IDE_CMD_READ 3868
    3868 3941
IDE_CMD_WRITE 3869
    3869 3938
IDE_DF 3865
    3865 3889
IDE_DRDY 3864
    3864 3887
IDE_ERR 3866
    3866 3889
ideinit 3901
    0304 1234 3901
ideintr 3952
    0305 3124 3952
idelock 3875
    3875 3905 3957 3959 3978
    4015 4029 4032
iderw 4004
    0306 4004 4009 4011 4013
    4158 4169
idestart 3925
    3879 3925 3928 3976 4025
idewait 3883
    3883 3908 3930 3966
idtinit 3079
    0406 1265 3079
idup 4739
    0289 2330 4739 5211
iget 4704
    4623 4670 4704 4724 5079
    5209
iinit 4618
    0290 1233 4618
ilock 4753
    0291 4753 4759 4779 5214
    5355 5374 5425 5575 5588
    5601 5665 5673 5715 5719
    5729 5769 5858 5972 7513
    7533 7560
inb 0453
    0453 3887 3913 6604 7214
    7217 7411 7413 7684 7690
    7691 7707 7717 7719 8473
    8481 8604
initlock 1462
    0380 1462 2175 2782 3075
    3905 4092 4261 4620 5270
    6085 7568 7569
initlog 4255
    0331 2544 4255 4258
inituvm 1803
    0425 1803 1808 2261
inode 3812
    0253 0286 0287 0288 0289
    0291 0292 0293 0294 0295
    0297 0298 0299 0300 0301
    0426 1818 2115 3806 3812
    3831 3832 4473 4614 4623
    4652 4679 4703 4706 4712
    4738 4739 4753 4785 4806
    4828 4860 4906 4937 4952
    5002 5060 5061 5102 5106
    5203 5206 5238 5245 5566
    5611 5653 5706 5710 5756
    5804 5819 5854 5966 7501
    7551
INPUT_BUF 7450
    7450 7453 7474 7486 7488
    7490 7518
insl 0462
    0462 0464 3967 8623
install_trans 4271
    4271 4321 4355
INT_DISABLED 6869
    6869 6917
ioapic 6877
    6557 6579 6580 6874 6877
    6886 6887 6893 6894 6908
IOAPIC 6858
    6858 6908
ioapicenable 6923
    0309 3907 6923 7576 7693
ioapicid 6467
    0310 6467 6580 6597 6911
    6912
ioapicinit 6901
    0311 1226 6901 6912
ioapicread 6884
    6884 6909 6910
ioapicwrite 6891
    6891 6917 6918 6931 6932
IO_PIC1 6957
    6957 6970 6985 6994 6997
    7002 7012 7026 7027
IO_PIC2 6958
    6958 6971 6986 7015 7016
    7017 7020 7029 7030
IO_RTC 6785
    6785 6798 6799
IO_TIMER1 7609
    7609 7618 7628 7629
IPB 3736
    3736 3739 3745 4664 4685
    4769
iput 4806
    0292 2370 4806 4812 4831
    5110 5232 5334 5594 5864
IRQ_COM1 2933
    2933 3134 7692 7693
IRQ_ERROR 2935
    2935 6727
IRQ_IDE 2934
    2934 3123 3127 3906 3907
IRQ_KBD 2932
    2932 3130 7575 7576
IRQ_SLAVE 6960
    6960 6964 7002 7017
IRQ_SPURIOUS 2936
    2936 3139 6707
IRQ_TIMER 2931
    2931 3114 3173 6714 7630
isdirempty 5611
    5611 5618 5677
ismp 6465
    0337 1235 6465 6562 6570
    6590 6593 6905 6925
itrunc 4906
    4473 4815 4906
iunlock 4785
    0293 4785 4788 4830 5221
    5357 5377 5428 5584 5782
    5863 7506 7555
iunlockput 4828
    0294 4828 5216 5225 5228
    5577 5590 5593 5604 5678
    5689 5693 5701 5718 5722
    5746 5771 5779 5811 5832
    5860 5998 6047
iupdate 4679
    0295 4679 4817 4932 5028
    5583 5603 5687 5692 5733
    5737
I_VALID 3826
    3826 4767 4777 4809
kalloc 2838
    0314 1294 1663 1742 1809
    1865 1968 2223 2838 6079
KBDATAP 7054
    7054 7217
kbdgetc 7206
    7206 7248
kbdintr 7246
    0320 3131 7246
KBS_DIB 7053
    7053 7215
KBSTATP 7052
    7052 7214
KERNBASE 0207
    0207 0208 0212 0213 0217
    0218 0220 0221 1315 1533
    1729 1858 1916
KERNLINK 0208
    0208 1730
KEY_DEL 7078
    7078 7119 7141 7165
KEY_DN 7072
    7072 7115 7137 7161
KEY_END 7070
    7070 7118 7140 7164
KEY_HOME 7069
    7069 7118 7140 7164
KEY_INS 7077
    7077 7119 7141 7165
KEY_LF 7073
    7073 7117 7139 7163
KEY_PGDN 7076
    7076 7116 7138 7162
KEY_PGUP 7075
    7075 7116 7138 7162
KEY_RT 7074
    7074 7117 7139 7163
KEY_UP 7071
    7071 7115 7137 7161
kfree 2815
    0315 1898 1900 1920 1923
    2315 2419 2806 2815 2820
    6102 6123
kill 2625
    0362 2625 3159 3434 7817
kinit1 2780
    0316 1219 2780
kinit2 2788
    0317 1238 2788
KSTACKSIZE 0151
    0151 1054 1063 1295 1779
    2227
kvmalloc 1757
    0418 1220 1757
lapiceoi 6772
    0325 3121 3125 3132 3136
    3142 6772
lapicinit 6701
    0326 1222 1256 6701
lapicstartap 6790
    0327 1299 6790
lapicw 6694
    6694 6707 6713 6714 6715
    6718 6719 6724 6727 6730
    6731 6734 6737 6738 6743
    6775 6806 6807 6809 6818
    6819
lcr3 0590
    0590 1768 1783
lgdt 0512
    0512 0520 1133 1633 8491
lidt 0526
    0526 0534 3081
LINT0 6683
    6683 6718
LINT1 6684
    6684 6719
LIST 7910
    7910 7990 8157 8433
listcmd 7940 8151
    7940 7961 7991 8151 8153
    8296 8407 8434
loadgs 0551
    0551 1634
loaduvm 1818
    0426 1818 1824 1827 5995
log 4240 4250
    4240 4250 4261 4263 4264
    4265 4275 4276 4277 4289
    4292 4293 4294 4306 4309
    4310 4311 4322 4329 4330
    4331 4333 4334 4353 4356
    4360 4361 4362 4363 4379
    4381 4384 4385 4388 4389
    4393 4394
logheader 4235
    4235 4246 4257 4258 4290
    4307
LOGSIZE 0160
    0160 4237 4379 5417
log_write 4375
    0332 4375 4494 4518 4544
    4668 4692 4880 5022
ltr 0538
    0538 0540 1780
mappages 1679
    1679 1748 1811 1872 1971
MAXARG 0159
    0159 5872 5964 6010
MAXARGS 7913
    7913 7921 7922 8390
MAXFILE 3723
    3723 5015
memcmp 6215
    0386 6215 6495 6538
memmove 6231
    0387 1285 1812 1970 2032
    4278 4390 4482 4691 4775
    4971 5021 5179 5181 6231
    6254 7423
memset 6204
    0388 1666 1744 1810 1871
    2240 2263 2823 4493 4666
    5682 5879 6204 7425 8037
    8108 8119 8135 8156 8169
microdelay 6781
    0328 6781 6808 6810 6820
    7708
min 4472
    4472 4970 5020
mp 6352
    6352 6458 6487 6494 6495
    6496 6505 6510 6514 6515
    6518 6519 6530 6533 6535
    6537 6544 6554 6560 6600
mpbcpu 6470
    0338 6470
MPBUS 6402
    6402 6583
mpconf 6363
    6363 6529 6532 6537 6555
mpconfig 6530
    6530 6560
mpenter 1252
    1252 1296
mpinit 6551
    0339 1221 6551 6569 6589
mpioapic 6389
    6389 6557 6579 6581
MPIOAPIC 6403
    6403 6578
MPIOINTR 6404
    6404 6584
MPLINTR 6405
    6405 6585
mpmain 1262
    1209 1241 1257 1262
mpproc 6378
    6378 6556 6567 6576
MPPROC 6401
    6401 6566
mpsearch 6506
    6506 6535
mpsearch1 6488
    6488 6514 6518 6521
multiboot_header 1025
    1024 1025
namecmp 5053
    0296 5053 5074 5668
namei 5239
    0297 2273 5239 5570 5767
    5856 5970
nameiparent 5246
    0298 5204 5219 5231 5246
    5586 5660 5713
namex 5204
    5204 5242 5248
NBUF 0155
    0155 4080 4103
ncpu 6466
    1224 1287 2069 3907 6466
    6568 6569 6573 6574 6575
    6595
NCPU 0152
    0152 2068 6463
NDEV 0157
    0157 4958 5008 5261
NDIRECT 3721
    3721 3723 3732 3823 4865
    4870 4874 4875 4912 4919
    4920 4927 4928
NELEM 0434
    0434 1747 2672 3383 5881
nextpid 2166
    2166 2219
NFILE 0154
    0154 5264 5280
NINDIRECT 3722
    3722 3723 4872 4922
NINODE 0156
    0156 4614 4712
NO 7056
    7056 7102 7105 7107 7108
    7109 7110 7112 7124 7127
    7129 7130 7131 7132 7134
    7152 7153 7155 7156 7157
    7158
NOFILE 0153
    0153 2114 2327 2363 5476
    5492
NPDENTRIES 0821
    0821 1311 1917
NPROC 0150
    0150 2161 2211 2379 2412
    2468 2607 2630 2669
NPTENTRIES 0822
    0822 1894
NSEGS 2051
    1611 2051 2058
nulterminate 8402
    8265 8280 8402 8423 8429
    8430 8435 8436 8441
NUMLOCK 7063
    7063 7096
O_CREATE 3603
    3603 5760 8328 8331
O_RDONLY 3600
    3600 5770 8325
O_RDWR 3602
    3602 5788 7864 7866 8057
outb 0471
    0471 3911 3920 3931 3932
    3933 3934 3935 3936 3938
    3941 6603 6604 6798 6799
    6970 6971 6985 6986 6994
    6997 7002 7012 7015 7016
    7017 7020 7026 7027 7029
    7030 7410 7412 7428 7429
    7430 7431 7627 7628 7629
    7673 7676 7677 7678 7679
    7680 7681 7709 8478 8486
    8614 8615 8616 8617 8618
    8619
outsl 0483
    0483 0485 3939
outw 0477
    0477 1181 1183 8524 8526
O_WRONLY 3601
    3601 5787 5788 8328 8331
P2V 0218
    0218 1219 1238 6512 6800
    7402
panic 7355 8082
    0270 1478 1505 1569 1571
    1690 1746 1782 1808 1824
    1827 1898 1915 1935 1964
    1966 2260 2360 2390 2508
    2510 2512 2514 2556 2559
    2820 3155 3928 4009 4011
    4013 4146 4167 4178 4258
    4380 4382 4526 4542 4674
    4724 4759 4779 4788 4812
    4886 5067 5071 5117 5125
    5306 5320 5380 5434 5439
    5618 5676 5684 5727 5740
    5744 7313 7355 7362 7951
    7970 8003 8082 8095 8278
    8322 8356 8360 8386 8391
panicked 7268
    7268 7368 7438
parseblock 8351
    8351 8356 8375
parsecmd 8268
    7952 8075 8268
parseexec 8367
    8264 8305 8367
parseline 8285
    8262 8274 8285 8296 8358
parsepipe 8301
    8263 8289 8301 8308
parseredirs 8314
    8314 8362 8381 8392
PCINT 6682
    6682 6724
pde_t 0103
    0103 0420 0421 0422 0423
    0424 0425 0426 0427 0430
    0431 1210 1270 1311 1610
    1654 1656 1679 1736 1739
    1742 1803 1818 1853 1882
    1910 1929 1952 1953 1955
    2002 2018 2105 5968
PDX 0812
    0812 1659
PDXSHIFT 0827
    0812 0818 0827 1315
peek 8251
    8251 8275 8290 8294 8306
    8319 8355 8359 8374 8382
PGROUNDDOWN 0830
    0830 1684 1685 2025
PGROUNDUP 0829
    0829 1863 1890 2804 6002
PGSIZE 0823
    0823 0829 0830 1310 1666
    1694 1695 1744 1807 1810
    1811 1823 1825 1829 1832
    1864 1871 1872 1891 1894
    1962 1970 1971 2029 2035
    2262 2269 2805 2819 2823
    6003 6005
PHYSTOP 0203
    0203 1238 1731 1745 1746
    2819
picenable 6975
    0343 3906 6975 7575 7630
    7692
picinit 6982
    0344 1225 6982
picsetmask 6967
    6967 6977 7033
pinit 2173
    0363 1229 2173
pipe 6061
    0254 0352 0353 0354 3805
    5331 5372 5409 6061 6073
    6079 6085 6089 6093 6111
    6130 6151 7813 8002 8003
PIPE 7909
    7909 8000 8136 8427
pipealloc 6071
    0351 5909 6071
pipeclose 6111
    0352 5331 6111
pipecmd 7934 8130
    7934 7962 8001 8130 8132
    8308 8408 8428
piperead 6151
    0353 5372 6151
PIPESIZE 6059
    6059 6063 6136 6144 6166
pipewrite 6130
    0354 5409 6130
popcli 1566
    0383 1521 1566 1569 1571
    1784
printint 7276
    7276 7326 7330
proc 2103
    0255 0358 0428 1205 1458
    1606 1638 1773 1779 2065
    2080 2103 2109 2156 2161
    2164 2204 2207 2211 2254
    2285 2287 2290 2293 2294
    2307 2314 2320 2321 2322
    2328 2329 2330 2334 2356
    2359 2364 2365 2366 2370
    2371 2376 2379 2380 2388
    2405 2412 2413 2433 2439
    2460 2468 2475 2478 2483
    2511 2516 2525 2555 2573
    2574 2578 2605 2607 2627
    2630 2665 2669 3055 3104
    3106 3108 3151 3159 3160
    3162 3168 3173 3177 3255
    3269 3283 3286 3297 3310
    3382 3384 3387 3388 3406
    3440 3458 3475 3857 4466
    5211 5461 5476 5493 5494
    5546 5864 5865 5914 5954
    6031 6034 6035 6036 6037
    6038 6039 6054 6137 6157
    6461 6556 6567 6568 6569
    6572 7263 7511 7660
procdump 2654
    0364 2654 7470
proghdr 0974
    0974 5967 8570 8584
PTE_ADDR 0844
    0844 1661 1828 1896 1919
    1967 2011
PTE_P 0833
    0833 1313 1315 1660 1670
    1689 1691 1895 1918 1965
    2007
PTE_PS 0840
    0840 1313 1315
pte_t 0847
    0847 1653 1657 1661 1663
    1682 1821 1884 1931 1956
    2004
PTE_U 0835
    0835 1670 1811 1872 1936
    1971 2009
PTE_W 0834
    0834 1313 1315 1670 1729
    1731 1732 1811 1872 1971
PTX 0815
    0815 1672
PTXSHIFT 0826
    0815 0818 0826
pushcli 1555
    0382 1476 1555 1775
rcr2 0582
    0582 3154 3161
readeflags 0544
    0544 1559 1568 2513 6758
read_head 4287
    4287 4320
readi 4952
    0299 1833 4952 5070 5116
    5375 5617 5618 5976 5987
readsb 4477
    0285 4262 4477 4511 4537
    4660
readsect 8610
    8610 8645
readseg 8629
    8564 8577 8588 8629
recover_from_log 4318
    4252 4266 4318
REDIR 7908
    7908 7980 8120 8421
redircmd 7925 8114
    7925 7963 7981 8114 8116
    8325 8328 8331 8409 8422
REG_ID 6860
    6860 6910
REG_TABLE 6862
    6862 6917 6918 6931 6932
REG_VER 6861
    6861 6909
release 1502
    0381 1502 1505 2214 2220
    2427 2434 2485 2527 2537
    2569 2582 2618 2636 2640
    2831 2848 3119 3476 3481
    3494 3959 3978 4032 4128
    4142 4192 4334 4363 4715
    4731 4743 4765 4793 4814
    4823 5283 5287 5308 5322
    5328 6122 6125 6138 6147
    6158 6169 7351 7498 7512
    7532 7559
ROOTDEV 0158
    0158 4262 4265 5209
ROOTINO 3710
    3710 5209
run 2764
    2661 2764 2765 2771 2817
    2827 2840
runcmd 7956
    7956 7970 7987 7993 7995
    8009 8016 8027 8075
RUNNING 2100
    2100 2477 2511 2661 3173
safestrcpy 6282
    0389 2272 2334 6031 6282
sched 2503
    0366 2389 2503 2508 2510
    2512 2514 2526 2575
scheduler 2458
    0365 1267 2056 2458 2478
    2516
SCROLLLOCK 7064
    7064 7097
SECTSIZE 8562
    8562 8623 8636 8639 8644
SEG 0769
    0769 1625 1626 1627 1628
    1631
SEG16 0773
    0773 1776
SEG_ASM 0660
    0660 1190 1191 8534 8535
segdesc 0752
    0509 0512 0752 0769 0773
    1611 2058
seginit 1616
    0417 1223 1255 1616
SEG_KCODE 0741
    0741 1150 1625 3072 3073
    8503
SEG_KCPU 0743
    0743 1631 1634 3016
SEG_KDATA 0742
    0742 1154 1626 1778 3013
    8508
SEG_NULLASM 0654
    0654 1189 8533
SEG_TSS 0746
    0746 1776 1777 1780
SEG_UCODE 0744
    0744 1627 2264
SEG_UDATA 0745
    0745 1628 2265
SETGATE 0921
    0921 3072 3073
setupkvm 1737
    0420 1737 1759 1960 2259
    5981
SHIFT 7058
    7058 7086 7087 7235
skipelem 5165
    5165 5213
sleep 2553
    0367 2439 2553 2556 2559
    2659 3479 4029 4131 4331
    4763 6142 6161 7516 7829
spinlock 1401
    0256 0367 0377 0379 0380
    0381 0409 1401 1459 1462
    1474 1502 1544 2157 2160
    2553 2759 2769 3058 3063
    3860 3875 4075 4079 4203
    4241 4467 4613 5259 5263
    6057 6062 7258 7271 7452
    7656
STA_R 0669 0786
    0669 0786 1190 1625 1627
    8534
start 1125 7758 8461
    1124 1125 1167 1175 1177
    4242 4263 4276 4289 4306
    4389 7757 7758 8460 8461
    8517
startothers 1274
    1208 1237 1274
stat 3654
    0257 0281 0300 3654 4464
    4937 5352 5459 5554 7853
stati 4937
    0300 4937 5356
STA_W 0668 0785
    0668 0785 1191 1626 1628
    1631 8535
STA_X 0665 0782
    0665 0782 1190 1625 1627
    8534
sti 0563
    0563 0565 1573 2464
stosb 0492
    0492 0494 6210 8590
stosl 0501
    0501 0503 6208
strlen 6301
    0390 6012 6013 6301 8069
    8273
strncmp 6258
    0391 5055 6258
strncpy 6268
    0392 5122 6268
STS_IG32 0800
    0800 0927
STS_T32A 0797
    0797 1776
STS_TG32 0801
    0801 0927
sum 6476
    6476 6478 6480 6482 6483
    6495 6542
superblock 3714
    0258 0285 3714 4260 4477
    4508 4534 4658
SVR 6665
    6665 6707
switchkvm 1766
    0429 1254 1760 1766 2479
switchuvm 1773
    0428 1773 1782 2294 2476
    6039
swtch 2708
    0374 2478 2516 2707 2708
syscall 3378
    0400 3107 3257 3378 3503
SYSCALL 7803 7810 7811 7812 7813 7814 7815 7816 7817 7818 7819 7820 7821 7822 7823 7824 7825 7826 7827 7828 7829 7830
    7810 7811 7812 7813 7814
    7815 7816 7817 7818 7819
    7820 7821 7822 7823 7824
    7825 7826 7827 7828 7829
    7830
sys_chdir 5851
    3329 3361 5851
SYS_chdir 3209
    3209 3361
sys_close 5539
    3330 3373 5539
SYS_close 3221
    3221 3373
sys_dup 5501
    3331 3362 5501
SYS_dup 3210
    3210 3362
sys_exec 5870
    3332 3359 5870
SYS_exec 3207
    3207 3359 7762
sys_exit 3415
    3333 3354 3415
SYS_exit 3202
    3202 3354 7767
sys_fork 3409
    3334 3353 3409
SYS_fork 3201
    3201 3353
sys_fstat 5551
    3335 3360 5551
SYS_fstat 3208
    3208 3360
sys_getpid 3438
    3336 3363 3438
SYS_getpid 3211
    3211 3363
sys_kill 3428
    3337 3358 3428
SYS_kill 3206
    3206 3358
sys_link 5563
    3338 3371 5563
SYS_link 3219
    3219 3371
sys_mkdir 5801
    3339 3372 5801
SYS_mkdir 3220
    3220 3372
sys_mknod 5817
    3340 3369 5817
SYS_mknod 3217
    3217 3369
sys_open 5751
    3341 3367 5751
SYS_open 3215
    3215 3367
sys_pipe 5901
    3342 3356 5901
SYS_pipe 3204
    3204 3356
sys_read 5515
    3343 3357 5515
SYS_read 3205
    3205 3357
sys_sbrk 3451
    3344 3364 3451
SYS_sbrk 3212
    3212 3364
sys_sleep 3465
    3345 3365 3465
SYS_sleep 3213
    3213 3365
sys_test 3501
    3350 3374 3501
SYS_test 3222
    3222 3374
sys_unlink 5651
    3346 3370 5651
SYS_unlink 3218
    3218 3370
sys_uptime 3488
    3349 3366 3488
SYS_uptime 3214
    3214 3366
sys_wait 3422
    3347 3355 3422
SYS_wait 3203
    3203 3355
sys_write 5527
    3348 3368 5527
SYS_write 3216
    3216 3368
taskstate 0851
    0851 2057
TDCR 6689
    6689 6713
T_DEV 3652
    3652 4957 5007 5828
T_DIR 3650
    3650 5066 5215 5576 5677
    5685 5735 5770 5807 5859
T_FILE 3651
    3651 5720 5762
ticks 3064
    0407 3064 3117 3118 3473
    3474 3479 3493
tickslock 3063
    0409 3063 3075 3116 3119
    3472 3476 3479 3481 3492
    3494
TICR 6687
    6687 6715
TIMER 6679
    6679 6714
TIMER_16BIT 7621
    7621 7627
TIMER_DIV 7616
    7616 7628 7629
TIMER_FREQ 7615
    7615 7616
timerinit 7624
    0403 1236 7624
TIMER_MODE 7618
    7618 7627
TIMER_RATEGEN 7620
    7620 7627
TIMER_SEL0 7619
    7619 7627
T_IRQ0 2929
    2929 3114 3123 3127 3130
    3134 3138 3139 3173 6707
    6714 6727 6917 6931 6997
    7016
TPR 6663
    6663 6743
trap 3101
    2952 2954 3022 3101 3153
    3155 3158
trapframe 0602
    0602 2110 2231 3101
trapret 3027
    2168 2236 3026 3027
T_SYSCALL 2926
    2926 3073 3103 7763 7768
    7807
tvinit 3067
    0408 1230 3067
uart 7665
    7665 7686 7705 7715
uartgetc 7713
    7713 7725
uartinit 7668
    0412 1228 7668
uartintr 7723
    0413 3135 7723
uartputc 7701
    0414 7445 7447 7697 7701
userinit 2252
    0368 1239 2252 2260
uva2ka 2002
    0421 2002 2026
V2P 0217
    0217 1730 1731
V2P_WO 0220
    0220 1036 1046
VER 6662
    6662 6723
wait 2403
    0369 2403 3424 7812 7883
    7994 8020 8021 8076
waitdisk 8601
    8601 8613 8622
wakeup 2614
    0370 2614 3118 3972 4190
    4362 4792 4820 6116 6119
    6141 6146 6168 7492
wakeup1 2603
    2170 2376 2383 2603 2617
walkpgdir 1654
    1654 1687 1826 1892 1933
    1963 2006
write_head 4304
    4304 4323 4354 4357
writei 5002
    0301 5002 5124 5426 5683
    5684
xchg 0569
    0569 1266 1483 1519
yield 2522
    0371 2522 3174
